[gd_scene load_steps=12 format=3 uid="uid://d1ogrjskrl6tx"]

[ext_resource type="Texture2D" uid="uid://ce2cfyegxnmd" path="res://jupitervector.png" id="1_a202f"]
[ext_resource type="Script" uid="uid://bwixcgejmawaf" path="res://planet.gd" id="2_a0tk4"]
[ext_resource type="Texture2D" uid="uid://d3els1phlgod2" path="res://my_image.png" id="2_noarx"]
[ext_resource type="Script" uid="uid://c7lo3nfyub1l0" path="res://saver_loader.gd" id="4_r3fl7"]

[sub_resource type="PanoramaSkyMaterial" id="PanoramaSkyMaterial_noarx"]
panorama = ExtResource("2_noarx")

[sub_resource type="Sky" id="Sky_r3fl7"]
sky_material = SubResource("PanoramaSkyMaterial_noarx")

[sub_resource type="Environment" id="Environment_jka67"]
background_mode = 2
sky = SubResource("Sky_r3fl7")

[sub_resource type="SphereMesh" id="SphereMesh_a202f"]

[sub_resource type="CanvasTexture" id="CanvasTexture_a0tk4"]

[sub_resource type="StandardMaterial3D" id="StandardMaterial3D_r3fl7"]
albedo_color = Color(0, 0, 1, 1)
albedo_texture = SubResource("CanvasTexture_a0tk4")

[sub_resource type="StandardMaterial3D" id="StandardMaterial3D_a0tk4"]
diffuse_mode = 3
albedo_texture = ExtResource("1_a202f")
roughness = 0.0

[node name="Node3D" type="Node3D"]

[node name="OmniLight3D" type="OmniLight3D" parent="."]
transform = Transform3D(1, 0, 0, 0, 1, 0, 0, 0, 1, 0.30658, 0.822129, 6.05124)
light_energy = 16.0
omni_range = 4096.0

[node name="Camera3D" type="Camera3D" parent="."]
transform = Transform3D(-0.149512, -0.00263584, -0.988756, -0.0176269, 0.999845, 0, 0.988603, 0.0174287, -0.149535, -2.63043, 0, -0.000509799)

[node name="WorldEnvironment" type="WorldEnvironment" parent="."]
environment = SubResource("Environment_jka67")

[node name="earth" type="MeshInstance3D" parent="."]
transform = Transform3D(0.177703, 0, -0.984084, 0, 1, 0, 0.984084, 0, 0.177703, 1.1789, 0, -3.48319)
mesh = SubResource("SphereMesh_a202f")
surface_material_override/0 = SubResource("StandardMaterial3D_r3fl7")
script = ExtResource("2_a0tk4")

[node name="RigidBody3D" type="RigidBody3D" parent="."]
gravity_scale = 0.0
angular_velocity = Vector3(0, 0.174533, 0)

[node name="jupiter" type="MeshInstance3D" parent="RigidBody3D"]
transform = Transform3D(0.177703, 0, -0.984084, 0, 1, 0, 0.984084, 0, 0.177703, 0, 0, 0)
mesh = SubResource("SphereMesh_a202f")
skeleton = NodePath("../..")
surface_material_override/0 = SubResource("StandardMaterial3D_a0tk4")
script = ExtResource("2_a0tk4")

[node name="SaverLoader" type="Node" parent="."]
script = ExtResource("4_r3fl7")
